1015061600186378
1015061600186330
1015061600186324
1015061600186322
1015061600186306
1015061600186302
1015061600186296
1015061600186295
1015061600186290
1015061600186289
1015061600186280
1015061600186266
1015061600186261
1015061600186259
1015061600186247
1015061600186241
1015061600186224
1015061600186216
1015061600186205
1015061600186201
1015061600186198
1015061600186186
1015061600186182
1015061600186173
1015061600186168
1015061600186163
1015061600186155
1015061600186153
1015061600186146
1015061600186140
1015061600186136
1015061600186131
1015061600186129
1015061600186119
1015061600186108
1015061600186096
1015061600186086
1015061600186085
1015061600186082
1015061600186078
1015061600186077
1015061600186073
1015061600186071
1015061600186070
1015061600186056
1015061600186055
1015061600186050
1015061600186048
1015061600186042
1015061600186040
1015061600186032
1015061600186030
1015061600186027
1015061600186013
1015061600186006
1015061600186005
1015061600186000
1015061600185993
1015061600185991
1015061600185985
1015061600185972
1015061600185968
1015061600185965
1015061600185964
1015061600185956
1015061600185953
1015061600185945
1015061600185941
1015061600185935
1015061600185934
1015061600185923
1015061600185920
1015061600185917
1015061600185906
1015061600185902
1015061600185889
1015061600185882
1015061600185873
1015061600185872
1015061600185866
1015061600185865
1015061600185864
1015061600185850
1015061600185848
1015061600185846
1015061600185839
1015061600185837
1015061600185833
1015061600185830
1015061600185826
1015061600185823
1015061600185821
1015061600185817
1015061600185807
1015061600185795
1015061600185781
1015061600185778
1015061600185777
1015061600185760
1015061600185749
1015061600185737
1015061600185734
1015061600185728
1015061600185724
1015061600185720
1015061600185719
1015061600185714
1015061600185708
1015061600185700
1015061600185690
1015061600185689
1015061600185685
1015061600185679
1015061600185678
1015061600185676
1015061600185663
1015061600185662
1015061600185660
1015061600185658
1015061600185656
1015061600185653
1015061600185651
1015061600185650
1015061600185645
1015061600185643
1015061600185638
1015061600185636
1015061600185635
1015061600185633
1015061600185616
1015061600185614
1015061600185613
1015061600185605
1015061600185598
1015061600185590
1015061600185582
1015061600185579
1015061600185571
1015061600185564
1015061600185558
1015061600185550
1015061600185543
1015061600185539
1015061600185538
1015061600185536
1015061600185532
1015061600185525
1015061600185522
1015061600185520
1015061600185516
1015061600185514
1015061600185513
1015061600185503
1015061600185502
1015061600185498
1015061600185496
1015061600185494
1015061600185493
1015061600185479
1015061600185473
1015061600185468
1015061600185467
1015061600185459
1015061600185456
1015061600185436
1015061600185425
1015061600185420
1015061600185412
1015061600185405
1015061600185399
1015061600185398
1015061600185385
1015061600185380
1015061600185376
1015061600185371
1015061600185365
1015061600185364
1015061600185363
1015061600185360
1015061600185357
1015061600185353
1015061600185352
1015061600185349
1015061600185348
1015061600185344
1015061600185326
1015061600185282
1015061600185210
1015061600185180
1015061600185161
1015061600185153
1015061600185151
1015061600185148
1015061600185121
1015061600185104
1015061600185082
1015061600185076
1015061600185072
1015061600185070
1015061600185062
1015061600185057
1015061600185056
1015061600185052
1015061600185051
1015061600185049
1015061600185048
1015061600185043
1015061600185040
1015061600185037
1015061600185035
1015061600185033
1015061600185031
1015061600185024
1015061600185023
1015061600185021
1015061600185004
1015061600185002
1015061600185000
1015061600184980
1015061600184968
1015061600184966
1015061600184964
1015061600184962
1015061600184960
1015061600184953
1015061600184950
1015061600184942
1015061600184940
1015061600184935
1015061600184907
1015061600184905
1015061600184904
1015061600184902
1015061600184898
1015061600184897
1015061600184896
1015061600184895
1015061600184894
1015061600184893
1015061600184888
1015061600184884
1015061600184883
1015061600184873
1015061600184870
1015061600184865
1015061600184863
1015061600184861
1015061600184857
1015061600184854
1015061600184847
1015061600184846
1015061600184840
1015061600184838
1015061600184829
1015061600184827
1015061600184817
1015061600184808
1015061600184799
1015061600184778
1015061600184775
1015061600184773
1015061600184757
1015061600184756
1015061600184753
1015061600184742
1015061600184739
1015061600184732
1015061600184731
1015061600184730
1015061600184726
1015061600184712
1015061600184691
1015061600184678
1015061600184667
1015061600184664
1015061600184655
1015061600184623
1015061600184622
1015061600184612
1015061600184610
1015061600184602
1015061600184564
1015061600184529
1015061600184519
1015061600184515
1015061600184514
1015061600184510
1015061600184507
1015061600184504
1015061600184488
1015061600184483
1015061600184475
1015061600184471
1015061600184470
1015061600184462
1015061600184461
1015061600184435
1015061600184427
1015061600184412
1015061600184404
1015061600184402
1015061600184401
1015061600184386
1015061600184384
1015061600184366
1015061600184362
1015061600184357
1015061600184339
1015061600184337
1015061600184336
1015061600184309
1015061600184303
1015061600184299
1015061600184295
1015061600184294
1015061600184285
1015061600184274
1015061600184269
1015061600184267
1015061600184264
1015061600184258
1015061600184256
1015061600184250
1015061600184235
1015061600184231
1015061600184221
1015061600184220
1015061600184215
1015061600184214
1015061600184213
1015061600184206
1015061600184199
1015061600184192
1015061600184190
1015061600184182
1015061600184176
1015061600184170
1015061600184146
1015061600184132
1015061600184123
1015061600184112
1015061600184099
1015061600184098
1015061600184097
1015061600184095
1015061600184091
1015061600184079
1015061600184076
1015061600184063
1015061600184038
1015061600184034
1015061600184033
1015061600184031
1015061600184023
1015061600184010
1015061600184001
1015061600183997
1015061600183993
1015061600183987
1015061600183981
1015061600183979
1015061600183970
1015061600183966
1015061600183962
1015061600183948
1015061600183944
1015061600183942
1015061600183937
1015061600183936
1015061600183935
1015061600183934
1015061600183922
1015061600183921
1015061600183897
1015061600183894
1015061600183891
1015061600183877
1015061600183870
1015061600183867
1015061600183859
1015061600183856
1015061600183846
1015061600183844
1015061600183837
1015061600183831
1015061600183827
1015061600183824
1015061600183812
1015061600183805
1015061600183789
1015061600183785
1015061600183783
1015061600183757
1015061600183753
1015061600183751
1015061600183747
1015061600183746
1015061600183743
1015061600183742
1015061600183736
1015061600183732
1015061600183730
1015061600183727
1015061600183723
1015061600183720
1015061600183712
1015061600183711
1015061600183710
1015061600183694
1015061600183687
1015061600183680
1015061600183666
1015061600183654
1015061600183652
1015061600183650
1015061600183649
1015061600183648
1015061600183635
1015061600183631
1015061600183630
1015061600183629
1015061600183627
1015061600183624
1015061600183618
1015061600183615
1015061600183611
1015061600183607
1015061600183599
1015061600183598
1015061600183596
1015061600183591
1015061600183589
1015061600183582
1015061600183579
1015061600183576
1015061600183573
1015061600183564
1015061600183557
1015061600183549
1015061600183541
1015061600183539
1015061600183538
1015061600183536
1015061600183530
1015061600183522
1015061600183521
1015061600183517
1015061600183515
1015061600183502
1015061600183499
1015061600183496
1015061600183489
1015061600183487
1015061600183484
1015061600183482
1015061600183466
1015061600183460
1015061600183453
1015061600183448
1015061600183440
1015061600183438
1015061600183434
1015061600183433
1015061600183425
1015061600183413
1015061600183405
1015061600183403
1015061600183400
1015061600183398
1015061600183388
1015061600183387
1015061600183385
1015061600183376
1015061600183375
1015061600183371
1015061600183369
1015061600183363
1015061600183353
1015061600183350
1015061600183349
1015061600183348
1015061600183347
1015061600183345
1015061600183340
1015061600183337
1015061600183332
1015061600183331
1015061600183330
1015061600183329
1015061600183309
1015061600183308
1015061600183305
1015061600183300
1015061600183299
1015061600183295
1015061600183294
1015061600183291
1015061600183290
1015061600183288
1015061600183281
1015061600183279
1015061600183275
1015061600183273
1015061600183267
1015061600183265
1015061600183261
1015061600183254
1015061600183253
1015061600183247
1015061600183237
1015061600183236
1015061600183232
1015061600183229
1015061600183223
1015061600183222
1015061600183221
1015061600183220
1015061600183219
1015061600183213
1015061600183197
1015061600183189
1015061600183188
1015061600183182
1015061600183174
1015061600183173
1015061600183171
1015061600183158
1015061600183157
1015061600183156
1015061600183153
1015061600183150
1015061600183149
1015061600183147
1015061600183145
1015061600183136
1015061600183134
1015061600183131
1015061600183128
1015061600183121
1015061600183118
1015061600183115
1015061600183113
1015061600183109
1015061600183105
1015061600183103
1015061600183102
1015061600183096
1015061600183078
1015061600183076
1015061600183075
1015061600183069
1015061600183051
1015061600183042
1015061600183038
1015061600183036
1015061600183033
1015061600183027
1015061600183025
1015061600183023
1015061600183021
1015061600183015
1015061600183013
1015061600183011
1015061600183010
1015061600183007
1015061600183001
1015061600182999
1015061600182988
1015061600182980
1015061600182978
1015061600182974
1015061600182972
1015061600182971
1015061600182953
1015061600182951
1015061600182947
1015061600182944
1015061600182935
1015061600182932
1015061600182929
1015061600182928
1015061600182922
1015061600182919
1015061600182916
1015061600182906
1015061600182903
1015061600182899
1015061600182885
1015061600182882
1015061600182875
1015061600182867
1015061600182866
1015061600182862
1015061600182860
1015061600182857
1015061600182855
1015061600182849
1015061600182846
1015061600182844
1015061600182830
1015061600182821
1015061600182819
1015061600182813
1015061600182809
1015061600182805
1015061600182802
1015061600182801
1015061600182794
1015061600182792
1015061600182783
1015061600182773
1015061600182770
1015061600182769
1015061600182762
1015061600182756
1015061600182746
1015061600182745
1015061600182739
1015061600182738
1015061600182733
1015061600182729
1015061600182728
1015061600182721
1015061600182714
1015061600182712
1015061600182710
1015061600182709
1015061600182708
1015061600182704
1015061600182697
1015061600182696
1015061600182694
1015061600182691
1015061600182680
1015061600182678
1015061600182677
1015061600182673
1015061600182669
1015061600182663
1015061600182659
1015061600182655
1015061600182651
1015061600182649
1015061600182648
1015061600182640
1015061600182636
1015061600182630
1015061600182629
1015061600182611
1015061600182605
1015061600182604
1015061600182601
1015061600182590
1015061600182587
1015061600182580
1015061600182578
1015061600182566
1015061600182558
1015061600182554
1015061600182547
1015061600182534
1015061600182531
1015061600182530
1015061600182527
1015061600182526
1015061600182518
1015061600182514
1015061600182508
1015061600182507
1015061600182505
1015061600182501
1015061600182500
1015061600182497
1015061600182495
1015061600182494
1015061600182493
1015061600182476
1015061600182466
1015061600182465
1015061600182459
1015061600182446
1015061600182444
1015061600182440
1015061600182432
1015061600182419
1015061600182418
1015061600182414
1015061600182411
1015061600182405
1015061600182402
1015061600182401
1015061600182397
1015061600182393
1015061600182389
1015061600182384
1015061600182378
1015061600182377
1015061600182375
1015061600182374
1015061600182367
1015061600182359
1015061600182347
1015061600182344
1015061600182343
1015061600182334
1015061600182324
1015061600182316
1015061600182314
1015061600182309
1015061600182308
1015061600182306
1015061600182300
1015061600182292
1015061600182289
1015061600182287
1015061600182284
1015061600182281
1015061600182267
1015061600182259
1015061600182255
1015061600182252
1015061600182240
1015061600182239
1015061600182236
1015061600182232
1015061600182220
1015061600182214
1015061600182204
1015061600182201
1015061600182190
1015061600182182
1015061600182180
1015061600182168
1015061600182165
1015061600182159
1015061600182151
1015061600182150
1015061600182137
1015061600182135
1015061600182132
1015061600182128
1015061600182119
1015061600182106
1015061600182098
1015061600182087
1015061600182083
1015061600182076
1015061600182068
1015061600182061
1015061600182058
1015061600182056
1015061600182051
1015061600182048
1015061600182047
1015061600182036
1015061600182031
1015061600182024
1015061600182022
1015061600182019
1015061600182013
1015061600182011
1015061600182009
1015061600182006
1015061600182005
1015061600181986
1015061600181983
1015061600181981
1015061600181980
1015061600181977
1015061600181976
1015061600181972
1015061600181963
1015061600181949
1015061600181943
1015061600181931
1015061600181930
1015061600181929
1015061600181917
1015061600181905
1015061600181904
1015061600181897
1015061600181893
1015061600181883
1015061600181877
1015061600181876
1015061600181870
1015061600181858
1015061600181856
1015061600181846
1015061600181844
1015061600181842
1015061600181837
1015061600181821
1015061600181816
1015061600181812
1015061600181807
1015061600181805
1015061600181789
1015061600181788
1015061600181786
1015061600181785
1015061600181782
1015061600181778
1015061600181775
1015061600181755
1015061600181746
1015061600181742
1015061600181737
1015061600181736
1015061600181728
1015061600181727
1015061600181726
1015061600181722
1015061600181721
1015061600181718
1015061600181715
1015061600181713
1015061600181711
1015061600181709
1015061600181701
1015061600181700
1015061600181698
1015061600181694
1015061600181692
1015061600181686
1015061600181681
1015061600181678
1015061600181677
1015061600181675
1015061600181659
1015061600181657
1015061600181656
1015061600181654
1015061600181653
1015061600181652
1015061600181649
1015061600181645
1015061600181642
1015061600181641
1015061600181632
1015061600181626
1015061600181622
1015061600181621
1015061600181618
1015061600181617
1015061600181608
1015061600181603
1015061600181601
1015061600181586
1015061600181583
1015061600181580
1015061600181568
1015061600181567
1015061600181565
1015061600181558
1015061600181556
1015061600181552
1015061600181546
1015061600181545
1015061600181536
1015061600181531
1015061600181525
1015061600181507
1015061600181502
1015061600181501
1015061600181478
1015061600181476
1015061600181468
1015061600181465
1015061600181462
1015061600181460
1015061600181456
1015061600181455
1015061600181451
1015061600181448
1015061600181440
1015061600181430
1015061600181428
1015061600181424
1015061600181418
1015061600181414
1015061600181412
1015061600181411
1015061600181410
1015061600181402
1015061600181394
1015061600181388
1015061600181387
1015061600181386
1015061600181383
1015061600181381
1015061600181372
1015061600181368
1015061600181362
1015061600181357
1015061600181351
1015061600181349
1015061600181348
1015061600181343
1015061600181340
1015061600181333
1015061600181328
1015061600181324
1015061600181323
1015061600181319
1015061600181318
1015061600181309
1015061600181306
1015061600181305
1015061600181304
1015061600181303
1015061600181300
1015061600181299
1015061600181298
1015061600181293
1015061600181291
1015061600181289
1015061600181282
1015061600181281
1015061600181274
1015061600181271
1015061600181269
1015061600181255
1015061600181253
1015061600181248
1015061600181246
1015061600181241
1015061600181239
1015061600181236
1015061600181222
1015061600181212
1015061600181211
1015061600181210
1015061600181204
1015061600181202
1015061600181197
1015061600181195
1015061600181191
1015061600181190
1015061600181188
1015061600181187
1015061600181184
1015061600181182
1015061600181181
1015061600181180
1015061600181169
1015061600181159
1015061600181153
1015061600181142
1015061600181138
1015061600181136
1015061600181134
1015061600181128
1015061600181122
1015061600181121
1015061600181111
1015061600181104
1015061600181101
1015061600181098
1015061600181085
1015061600181083
1015061600181078
1015061600181071
1015061600181062
1015061600181058
1015061600181054
1015061600181049
1015061600181040
1015061600181039
1015061600181033
1015061600181032
1015061600181025
1015061600181024
1015061600181023
1015061600181022
1015061600181015
1015061600181011
1015061600181007
1015061600181005
1015061600181004
1015061600181003
1015061600181002
1015061600181000
1015061600180998
1015061600180991
1015061600180985
1015061600180978
1015061600180972
1015061600180971
1015061600180970
1015061600180967
1015061600180961
1015061600180959
1015061600180958
1015061600180951
1015061600180950
1015061600180948
1015061600180946
1015061600180945
1015061600180942
1015061600180939
1015061600180935
1015061600180930
1015061600180927
1015061600180920
1015061600180910
1015061600180908
1015061600180907
1015061600180905
1015061600180904
1015061600180897
1015061600180892
1015061600180891
1015061600180882
1015061600180867
1015061600180861
1015061600180849
1015061600180843
1015061600180833
1015061600180829
1015061600180818
1015061600180808
1015061600180801
1015061600180799
1015061600180796
1015061600180794
1015061600180789
1015061600180784
1015061600180769
1015061600180768
1015061600180760
1015061600180759
1015061600180757
1015061600180755
1015061600180751
1015061600180743
1015061600180740
1015061600180733
1015061600180727
1015061600180726
1015061600180718
1015061600180713
1015061600180712
1015061600180709
1015061600180704
1015061600180695
1015061600180690
1015061600180686
1015061600180680
1015061600180678
1015061600180675
1015061600180671
1015061600180670
1015061600180669
1015061600180668
1015061600180665
1015061600180663
1015061600180662
1015061600180657
1015061600180656
1015061600180653
1015061600180647
1015061600180645
1015061600180643
1015061600180640
1015061600180637
1015061600180634
1015061600180632
1015061600180630
1015061600180628
1015061600180613
1015061600180606
1015061600180605
1015061600180589
1015061600180577
1015061600180576
1015061600180573
1015061600180571
1015061600180569
1015061600180567
1015061600180559
1015061600180558
1015061600180553
1015061600180552
1015061600180551
1015061600180549
1015061600180536
1015061600180535
1015061600180530
1015061600180529
1015061600180526
1015061600180512
1015061600180502
1015061600180501
1015061600180499
1015061600180497
1015061600180496
1015061600180491
1015061600180480
1015061600180478
1015061600180474
1015061600180463
1015061600180446
1015061600180443
1015061600180440
1015061600180438
1015061600180427
1015061600180425
1015061600180423
1015061600180413
1015061600180410
1015061600180401
1015061600180397
1015061600180396
1015061600180391
1015061600180379
1015061600180376
1015061600180370
1015061600180364
1015061600180359
1015061600180351
1015061600180348
1015061600180342
1015061600180332
1015061600180320
1015061600180298
1015061600180297
1015061600180293
1015061600180292
1015061600180281
1015061600180276
1015061600180272
1015061600180268
1015061600180267
1015061600180258
1015061600180251
1015061600180240
1015061600180237
1015061600180235
1015061600180233
1015061600180226
1015061600180222
1015061600180219
1015061600180218
1015061600180185
1015061600180183
1015061600180174
1015061600180173
1015061600180162
1015061600180160
1015061600180154
1015061600180153
1015061600180151
1015061600180150
1015061600180147
1015061600180142
1015061600180133
1015061600180129
1015061600180120
1015061600180111
1015061600180106
1015061600180105
1015061600180093
1015061600180086
1015061600180084
1015061600180077
1015061600180076
1015061600180074
1015061600180073
1015061600180060
1015061600180054
1015061600180052
1015061600180049
1015061600180044
1015061600180039
1015061600180034
1015061600180030
1015061600180029
1015061600180026
1015061600180020
1015061600180019
1015061600180015
1015061600180014
1015061600180010
1015061600180004
1015061600180003
1015061600179998
1015061600179994
1015061600179986
1015061600179982
1015061600179981
1015061600179967
1015061600179964
1015061600179961
1015061600179945
1015061600179943
1015061600179936
1015061600179934
1015061600179928
1015061600179926
1015061600179924
1015061600179911
1015061600179894
1015061600179893
1015061600179886
1015061600179880
1015061600179879
1015061600179877
1015061600179875
1015061600179874
1015061600179866
1015061600179863
1015061600179860
1015061600179859
1015061600179850
1015061600179849
1015061600179845
1015061600179840
1015061600179837
1015061600179835
1015061600179825
1015061600179821
1015061600179819
1015061600179818
1015061600179817
1015061600179815
1015061600179811
1015061600179800
1015061600179798
1015061600179795
1015061600179792
1015061600179777
1015061600179775
1015061600179774
1015061600179766
1015061600179758
1015061600179755
1015061600179748
1015061600179745
1015061600179742
1015061600179740
1015061600179739
1015061600179734
1015061600179727
1015061600179721
1015061600179714
1015061600179711
1015061600179708
1015061600179705
1015061600179704
1015061600179703
1015061600179695
1015061600179682
1015061600179667
1015061600179661
1015061600179651
1015061600179647
1015061600179637
1015061600179633
1015061600179631
1015061600179622
1015061600179612
1015061600179610
1015061600179608
1015061600179605
1015061600179601
1015061600179598
1015061600179596
1015061600179588
1015061600179579
1015061600179576
1015061600179573
1015061600179569
1015061600179567
1015061600179563
1015061600179559
1015061600179557
1015061600179555
1015061600179552
1015061600179541
1015061600179534
1015061600179533
1015061600179531
1015061600179528
1015061600179502
1015061600179500
1015061600179495
1015061600179493
1015061600179491
1015061600179487
1015061600179486
1015061600179482
1015061600179479
1015061600179477
1015061600179470
1015061600179448
1015061600179444
1015061600179443
1015061600179433
1015061600179428
1015061600179419
1015061600179415
1015061600179414
1015061600179413
1015061600179407
1015061600179404
1015061600179401
1015061600179399
1015061600179376
1015061600179375
1015061600179366
1015061600179365
1015061600179361
1015061600179360
1015061600179358
1015061600179356
1015061600179347
1015061600179345
1015061600179333
1015061600179332
1015061600179327
1015061600179323
1015061600179319
1015061600179312
1015061600179310
1015061600179303
1015061600179299
1015061600179295
1015061600179294
1015061600179293
1015061600179290
1015061600179277
1015061600179275
1015061600179269
1015061600179264
1015061600179263
1015061600179246
1015061600179240
1015061600179225
1015061600179205
1015061600179197
1015061600179196
1015061600179193
1015061600179189
1015061600179183
1015061600179172
1015061600179170
1015061600179166
1015061600179164
1015061600179162
1015061600179156
1015061600179153
1015061600179144
1015061600179142
1015061600179140
1015061600179131
1015061600179130
1015061600179128
1015061600179126
1015061600179125
1015061600179111
1015061600179102
1015061600179097
1015061600179094
1015061600179093
1015061600179092
1015061600179091
1015061600179088
1015061600179085
1015061600179078
1015061600179071
1015061600179069
1015061600179063
1015061600179055
1015061600179039
1015061600179037
1015061600179032
1015061600179025
1015061600179021
1015061600179016
1015061600179007
1015061600179005
1015061600179004
1015061600178998
1015061600178984
1015061600178975
1015061600178973
1015061600178967
1015061600178960
1015061600178959
1015061600178958
1015061600178957
1015061600178955
1015061600178952
1015061600178948
1015061600178947
1015061600178946
1015061600178937
1015061600178933
1015061600178932
1015061600178926
1015061600178924
1015061600178915
1015061600178911
1015061600178910
1015061600178904
1015061600178901
1015061600178899
1015061600178891
1015061600178888
1015061600178881
1015061600178867
1015061600178860
1015061600178854
1015061600178850
1015061600178849
1015061600178842
1015061600178840
1015061600178839
1015061600178837
1015061600178829
1015061600178825
1015061600178817
1015061600178815
1015061600178807
1015061600178803
1015061600178801
1015061600178793
1015061600178791
1015061600178781
1015061600178770
1015061600178769
1015061600178765
1015061600178763
1015061600178747
1015061600178744
1015061600178742
1015061600178741
1015061600178740
1015061600178737
1015061600178717
1015061600178716
1015061600178711
1015061600178708
1015061600178705
1015061600178694
1015061600178688
1015061600178679
1015061600178677
1015061600178675
1015061600178663
1015061600178653
1015061600178643
1015061600178637
1015061600178636
1015061600178630
1015061600178626
1015061600178613
1015061600178606
1015061600178602
1015061600178601
1015061600178593
1015061600178576
1015061600178575
1015061600178569
1015061600178567
1015061600178563
1015061600178560
1015061600178555
1015061600178552
1015061600178551
1015061600178547
1015061600178545
1015061600178541
1015061600178534
1015061600178529
1015061600178514
1015061600178513
1015061600178512
1015061600178505
1015061600178503
1015061600178502
1015061600178495
1015061600178485
1015061600178477
1015061600178449
1015061600178441
1015061600178437
1015061600178431
1015061600178426
1015061600178423
1015061600178420
1015061600178416
1015061600178410
1015061600178403
1015061600178385
1015061600178383
1015061600178372
1015061600178371
1015061600178337
1015061600178333
1015061600178318
1015061600178311
1015061600178310
1015061600178309
1015061600178307
1015061600178293
1015061600178288
1015061600178282
1015061600178281
1015061600178280
1015061600178275
1015061600178266
1015061600178256
1015061600178251
1015061600178240
1015061600178221
1015061600178219
1015061600178208
1015061600178207
1015061600178202
1015061600178196
1015061600178188
1015061600178180
1015061600178171
1015061600178165
1015061600178161
1015061600178145
1015061600178142
1015061600178131
1015061600178107
1015061600178105
1015061600178103
1015061600178099
1015061600178092
1015061600178077
1015061600178061
1015061600178058
1015061600178054
1015061600178053
1015061600178045
1015061600178037
1015061600178020
1015061600178017
1015061600178014
1015061600178013
1015061600178000
1015061600177998
1015061600177997
1015061600177991
1015061600177984
1015061600177982
1015061600177980
1015061600177979
1015061600177972
1015061600177962
1015061600177956
1015061600177952
1015061600177951
1015061600177948
1015061600177920
1015061600177918
1015061600177898
1015061600177886
1015061600177885
1015061600177884
1015061600177881
1015061600177880
1015061600177876
1015061600177875
1015061600177871
1015061600177868
1015061600177867
1015061600177857
1015061600177854
1015061600177849
1015061600177844
1015061600177830
1015061600177828
1015061600177820
1015061600177816
1015061600177814
1015061600177808
1015061600177807
1015061600177800
1015061600177790
1015061600177787
1015061600177785
1015061600177779
1015061600177772
1015061600177771
1015061600177759
1015061600177756
1015061600177755
1015061600177752
1015061600177742
1015061600177733
1015061600177724
1015061600177722
1015061600177721
1015061600177717
1015061600177716
1015061600177610
1015061600177588
1015061600177585
1015061600177547
1015061600177540
1015061600177497
1015061600177489
1015061600177472
1015061600177411
1015061600177390
1015061600177337
1015061600177334
1015061600177287
1015061600177272
1015061600177251
1015061600177248
1015061600177224
1015061600177218
1015061600177217
1015061600177199
1015061600177198
1015061600177197
1015061600177195
1015061600177179
1015061600177153
1015061600177152
1015061600177151
1015061600177150
1015061600177143
1015061600177141
1015061600177140
1015061600177136
1015061600177134
1015061600177133
1015061600177128
1015061600177125
1015061600177119
1015061600177112
1015061600177103
1015061600177100
1015061600177094
1015061600177081
1015061600177080
1015061600177075
1015061600177071
1015061600177070
1015061600177066
1015061600177058
1015061600177051
1015061600177047
1015061600177045
1015061600177042
1015061600177038
1015061600177036
1015061600177035
1015061600177032
1015061600177023
1015061600177022
1015061600177020
1015061600177019
1015061600177010
1015061600176993
1015061600176991
1015061600176989
1015061600176975
1015061600176915
1015061600176910
1015061600176893
1015061600176889
1015061600176888
1015061600176878
1015061600176873
1015061600176872
1015061600176868
1015061600176864
1015061600176861
1015061600176858
1015061600176856
1015061600176855
1015061600176850
1015061600176840
1015061600176830
1015061600176829
1015061600176824
1015061600176820
1015061600176817
1015061600176813
1015061600176808
1015061600176807
1015061600176790
1015061600176785
1015061600176783
1015061600176780
1015061600176779
1015061600176778
1015061600176773
1015061600176771
1015061600176762
1015061600176754
1015061600176746
1015061600176744
1015061600176739
1015061600176726
1015061600176720
1015061600176713
1015061600176711
1015061600176706
1015061600176705
1015061600176698
1015061600176694
1015061600176693
1015061600176688
1015061600176681
1015061600176674
1015061600176670
1015061600176655
1015061600176653
1015061600176650
1015061600176641
1015061600176633
1015061600176629
1015061600176625
1015061600176623
1015061600176621
1015061600176616
1015061600176612
1015061600176610
1015061600176607
1015061600176601
1015061600176599
1015061600176594
1015061600176593
1015061600176592
1015061600176591
1015061600176585
1015061600176582
1015061600176580
1015061600176575
1015061600176561
1015061600176559
1015061600176558
1015061600176551
1015061600176549
1015061600176548
1015061600176545
1015061600176509
1015061600176501
1015061600176496
1015061600176495
1015061600176487
1015061600176483
1015061600176471
1015061600176470
1015061600176452
1015061600176443
1015061600176442
1015061600176438
1015061600176432
1015061600176428
1015061600176413
1015061600176409
1015061600176408
1015061600176407
1015061600176404
1015061600176399
1015061600176396
1015061600176395
1015061600176394
1015061600176384
1015061600176380
1015061600176377
1015061600176368
1015061600176367
1015061600176364
1015061600176359
1015061600176355
1015061600176351
1015061600176349
1015061600176347
1015061600176334
1015061600176299
1015061600176298
1015061600176297
1015061600176296
1015061600176295
1015061600176293
1015061600176290
1015061600176284
1015061600176282
1015061600176279
1015061600176273
1015061600176272
1015061600176266
1015061600176262
1015061600176260
1015061600176257
1015061600176248
1015061600176241
1015061600176240
1015061600176239
1015061600176231
1015061600176227
1015061600176214
1015061600176184
1015061600176169
1015061600176128
1015061600176056
1015061600175223
1015061600174781
1015061600174521
1015061600174489
1015061600174328
1015061600173899
1015061600173732
1015061600171186
