1015061600185344
1015061600184854
1015061600184170
1015061600183460
1015061600182906
1015061600182903
1015061600182867
1015061600182393
1015061600182106
1015061600181917
1015061600181893
1015061600181856
1015061600181727
1015061600181649
1015061600181383
1015061600180653
1015061600180613
1015061600180480
1015061600180427
1015061600180425
1015061600180423
1015061600180413
1015061600180410
1015061600180401
1015061600180397
1015061600180396
1015061600180391
1015061600180379
1015061600180376
1015061600180370
1015061600180364
1015061600180359
1015061600180351
1015061600180348
1015061600180342
1015061600180332
1015061600180320
1015061600180298
1015061600180297
1015061600180293
1015061600180292
1015061600180281
1015061600180276
1015061600180272
1015061600180268
1015061600180267
1015061600180258
1015061600180251
1015061600180240
1015061600180237
1015061600180235
1015061600180233
1015061600180226
1015061600180222
1015061600180219
1015061600180218
1015061600180185
1015061600180183
1015061600180174
1015061600180173
1015061600180162
1015061600180160
1015061600180154
1015061600180153
1015061600180151
1015061600180150
1015061600180147
1015061600180142
1015061600180133
1015061600180129
1015061600180120
1015061600180111
1015061600180106
1015061600180105
1015061600180093
1015061600180086
1015061600180084
1015061600180077
1015061600180076
1015061600180074
1015061600180073
1015061600180060
1015061600180054
1015061600180052
1015061600180049
1015061600180044
1015061600180039
1015061600180034
1015061600180030
1015061600180029
1015061600180026
1015061600180020
1015061600180019
1015061600180015
1015061600180014
1015061600180010
1015061600180004
1015061600180003
1015061600179998
1015061600179994
1015061600179986
1015061600179982
1015061600179981
1015061600179967
1015061600179964
1015061600179961
1015061600179945
1015061600179943
1015061600179936
1015061600179934
1015061600179928
1015061600179926
1015061600179924
1015061600179911
1015061600179894
1015061600179893
1015061600179886
1015061600179880
1015061600179879
1015061600179877
1015061600179875
1015061600179874
1015061600179866
1015061600179863
1015061600179860
1015061600179859
1015061600179850
1015061600179849
1015061600179845
1015061600179840
1015061600179837
1015061600179835
1015061600179825
1015061600179821
1015061600179819
1015061600179818
1015061600179817
1015061600179815
1015061600179811
1015061600179800
1015061600179798
1015061600179795
1015061600179792
1015061600179777
1015061600179775
1015061600179774
1015061600179766
1015061600179758
1015061600179755
1015061600179748
1015061600179745
1015061600179742
1015061600179740
1015061600179739
1015061600179734
1015061600179727
1015061600179721
1015061600179714
1015061600179711
1015061600179708
1015061600179705
1015061600179704
1015061600179703
1015061600179695
1015061600179682
1015061600179667
1015061600179661
1015061600179651
1015061600179647
1015061600179637
1015061600179633
1015061600179631
1015061600179622
1015061600179612
1015061600179610
1015061600179608
1015061600179605
1015061600179601
1015061600179598
1015061600179596
1015061600179588
1015061600179579
1015061600179576
1015061600179573
1015061600179569
1015061600179567
1015061600179563
1015061600179559
1015061600179557
1015061600179555
1015061600179552
1015061600179541
1015061600179534
1015061600179533
1015061600179531
1015061600179528
1015061600179502
1015061600179500
1015061600179495
1015061600179493
1015061600179491
1015061600179487
1015061600179486
1015061600179482
1015061600179479
1015061600179477
1015061600179470
1015061600179448
1015061600179444
1015061600179443
1015061600179433
1015061600179428
1015061600179419
1015061600179415
1015061600179414
1015061600179413
1015061600179407
1015061600179404
1015061600179401
1015061600179399
1015061600179376
1015061600179375
1015061600179366
1015061600179365
1015061600179361
1015061600179360
1015061600179358
1015061600179356
1015061600179347
1015061600179345
1015061600179333
1015061600179332
1015061600179327
1015061600179323
1015061600179319
1015061600179312
1015061600179310
1015061600179303
1015061600179299
1015061600179295
1015061600179294
1015061600179293
1015061600179290
1015061600179277
1015061600179275
1015061600179269
1015061600179264
1015061600179263
1015061600179246
1015061600179240
1015061600179225
1015061600179205
1015061600179197
1015061600179196
1015061600179193
1015061600179189
1015061600179183
1015061600179172
1015061600179170
1015061600179166
1015061600179164
1015061600179162
1015061600179156
1015061600179153
1015061600179144
1015061600179142
1015061600179140
1015061600179131
1015061600179130
1015061600179128
1015061600179126
1015061600179125
1015061600179111
1015061600179102
1015061600179097
1015061600179094
1015061600179093
1015061600179092
1015061600179091
1015061600179088
1015061600179085
1015061600179078
1015061600179071
1015061600179069
1015061600179063
1015061600179055
1015061600179039
1015061600179037
1015061600179032
1015061600179025
1015061600179021
1015061600179016
1015061600179007
1015061600179005
1015061600179004
1015061600178998
1015061600178984
1015061600178975
1015061600178973
1015061600178967
1015061600178960
1015061600178959
1015061600178958
1015061600178957
1015061600178955
1015061600178952
1015061600178948
1015061600178947
1015061600178946
1015061600178937
1015061600178933
1015061600178932
1015061600178926
1015061600178924
1015061600178915
1015061600178911
1015061600178910
1015061600178904
1015061600178901
1015061600178899
1015061600178891
1015061600178888
1015061600178881
1015061600178867
1015061600178860
1015061600178854
1015061600178850
1015061600178849
1015061600178842
1015061600178840
1015061600178839
1015061600178837
1015061600178829
1015061600178825
1015061600178817
1015061600178815
1015061600178807
1015061600178803
1015061600178801
1015061600178793
1015061600178791
1015061600178781
1015061600178770
1015061600178769
1015061600178765
1015061600178763
1015061600178747
1015061600178744
1015061600178742
1015061600178741
1015061600178740
1015061600178737
1015061600178717
1015061600178716
1015061600178711
1015061600178708
1015061600178705
1015061600178694
1015061600178688
1015061600178679
1015061600178677
1015061600178675
1015061600178663
1015061600178653
1015061600178643
1015061600178637
1015061600178636
1015061600178630
1015061600178626
1015061600178613
1015061600178606
1015061600178602
1015061600178601
1015061600178593
1015061600178576
1015061600178575
1015061600178569
1015061600178567
1015061600178563
1015061600178560
1015061600178555
1015061600178552
1015061600178551
1015061600178547
1015061600178545
1015061600178541
1015061600178534
1015061600178529
1015061600178514
1015061600178513
1015061600178512
1015061600178505
1015061600178503
1015061600178502
1015061600178495
1015061600178485
1015061600178477
1015061600178449
1015061600178441
1015061600178437
1015061600178431
1015061600178426
1015061600178423
1015061600178420
1015061600178416
1015061600178410
1015061600178403
1015061600178385
1015061600178383
1015061600178372
1015061600178371
1015061600178337
1015061600178333
1015061600178318
1015061600178311
1015061600178310
1015061600178309
1015061600178307
1015061600178293
1015061600178288
1015061600178282
1015061600178281
1015061600178280
1015061600178275
1015061600178266
1015061600178256
1015061600178251
1015061600178240
1015061600178221
1015061600178219
1015061600178208
1015061600178207
1015061600178202
1015061600178196
1015061600178188
1015061600178180
1015061600178171
1015061600178165
1015061600178161
1015061600178145
1015061600178142
1015061600178131
1015061600178107
1015061600178105
1015061600178103
1015061600178099
1015061600178092
1015061600178077
1015061600178061
1015061600178058
1015061600178054
1015061600178053
1015061600178045
1015061600178037
1015061600178020
1015061600178017
1015061600178014
1015061600178013
1015061600178000
1015061600177998
1015061600177997
1015061600177991
1015061600177984
1015061600177982
1015061600177980
1015061600177979
1015061600177972
1015061600177962
1015061600177956
1015061600177952
1015061600177951
1015061600177948
1015061600177920
1015061600177918
1015061600177898
1015061600177886
1015061600177885
1015061600177884
1015061600177881
1015061600177880
1015061600177876
1015061600177875
1015061600177871
1015061600177868
1015061600177867
1015061600177857
1015061600177854
1015061600177849
1015061600177844
1015061600177830
1015061600177828
1015061600177820
1015061600177816
1015061600177814
1015061600177808
1015061600177807
1015061600177800
1015061600177790
1015061600177787
1015061600177785
1015061600177779
1015061600177772
1015061600177771
1015061600177759
1015061600177756
1015061600177755
1015061600177752
1015061600177742
1015061600177733
1015061600177724
1015061600177722
1015061600177721
1015061600177717
1015061600177716
1015061600177610
1015061600177588
1015061600177585
1015061600177547
1015061600177540
1015061600177497
1015061600177489
1015061600177472
1015061600177411
1015061600177390
1015061600177337
1015061600177334
1015061600177287
1015061600177272
1015061600177251
1015061600177248
1015061600177224
1015061600177218
1015061600177217
1015061600177199
1015061600177198
1015061600177197
1015061600177195
1015061600177179
1015061600177153
1015061600177152
1015061600177151
1015061600177150
1015061600177143
1015061600177141
1015061600177140
1015061600177136
1015061600177134
1015061600177133
1015061600177128
1015061600177125
1015061600177119
1015061600177112
1015061600177103
1015061600177100
1015061600177094
1015061600177081
1015061600177080
1015061600177075
1015061600177071
1015061600177070
1015061600177066
1015061600177058
1015061600177051
1015061600177047
1015061600177045
1015061600177042
1015061600177038
1015061600177036
1015061600177035
1015061600177032
1015061600177023
1015061600177022
1015061600177020
1015061600177019
1015061600177010
1015061600176993
1015061600176991
1015061600176989
1015061600176975
1015061600176915
1015061600176910
1015061600176893
1015061600176889
1015061600176888
1015061600176878
1015061600176873
1015061600176872
1015061600176868
1015061600176864
1015061600176861
1015061600176858
1015061600176856
1015061600176855
1015061600176850
1015061600176840
1015061600176830
1015061600176829
1015061600176824
1015061600176820
1015061600176817
1015061600176813
1015061600176808
1015061600176807
1015061600176790
1015061600176785
1015061600176783
1015061600176780
1015061600176779
1015061600176778
1015061600176773
1015061600176771
1015061600176762
1015061600176754
1015061600176746
1015061600176744
1015061600176739
1015061600176726
1015061600176720
1015061600176713
1015061600176711
1015061600176706
1015061600176705
1015061600176698
1015061600176694
1015061600176693
1015061600176688
1015061600176681
1015061600176674
1015061600176670
1015061600176655
1015061600176653
1015061600176650
1015061600176641
1015061600176633
1015061600176629
1015061600176625
1015061600176623
1015061600176621
1015061600176616
1015061600176612
1015061600176610
1015061600176607
1015061600176601
1015061600176599
1015061600176594
1015061600176593
1015061600176592
1015061600176591
1015061600176585
1015061600176582
1015061600176580
1015061600176575
1015061600176561
1015061600176559
1015061600176558
1015061600176551
1015061600176549
1015061600176548
1015061600176545
1015061600176509
1015061600176501
1015061600176496
1015061600176495
1015061600176487
1015061600176483
1015061600176471
1015061600176470
1015061600176452
1015061600176443
1015061600176442
1015061600176438
1015061600176432
1015061600176428
1015061600176413
1015061600176409
1015061600176408
1015061600176407
1015061600176404
1015061600176399
1015061600176396
1015061600176395
1015061600176394
1015061600176384
1015061600176380
1015061600176377
1015061600176368
1015061600176367
1015061600176364
1015061600176359
1015061600176355
1015061600176351
1015061600176349
1015061600176347
1015061600176334
1015061600176299
1015061600176298
1015061600176297
1015061600176296
1015061600176295
1015061600176293
1015061600176290
1015061600176284
1015061600176282
1015061600176279
1015061600176273
1015061600176272
1015061600176266
1015061600176262
1015061600176260
1015061600176257
1015061600176248
1015061600176241
1015061600176240
1015061600176239
1015061600176231
1015061600176227
1015061600176214
1015061600176184
1015061600176169
1015061600176128
1015061600176056
1015061600175223
1015061600174781
1015061600174521
1015061600174489
1015061600174328
1015061600173899
1015061600173732
1015061600171186